# Start of page bars



1
5.8
11
14.17
20.23
27.32
37.40
43
45
47.51
54.57.60
64.69
73.76
80.86
90
93
97
101
109.115
120
125
127.130
132
134
136.139
141
143
145.148
150.152
153.154
157
162
166.168
173
178
183.186
189
194
198
201
207.210
215.219
223
226
230
235
240
244
247.249
253
257
261
264.267
270
274
278
282
288
292
295.298
302.309
315
320
325
330
334
337
341
344
346
352
356
360
363
366.368
370
375
380
385
390
394
398
404.410
417
421
425
430
434
437
440
443
447
449
451
453
456
460
463
467
470
473
476
478
480
483
488.490.491.492
494.496
498
500
502
504
506
508
510
513
515
517
520
522
523
524
527.529
531.533
535.538
541.543
546.549
553.554
561
562
565
569
574
580
587
590.592
597
602
606
611
615
620
625
628
632
635
638
642.646
650.656
659
662
665
667
670
673
677
680
682
684
687
690
693
696
698
701
704
707
710
712
715 # End of Act 1
1
4
6
11
25
33
40
46
50
60
66
70
78
83
85
88
92
96
100
103
106
108
111
113
116
128
132
136
139
141
146
152
158
162
165
170.171.175
177.179
181
183
186
188.190
193
196
198
200.204
211
214
220
224
227
231
236
240
244
248
252
256
259
262
267
272
275
278
281.284
286.290
292.294
297.300
302
305
308
310.312
315.318
321.323
325
327
329
331
333.335
337
338
339
341
343
345
347
350
353
355
357
360.363
3